=================================================================================
Serial              Dataset       Num Pairs       Not found             Rho
=================================================================================
     1         EN-MC-30.txt              30              1         0.1791
     2     EN-MEN-TR-3k.txt            3000             86         0.2787
     3     EN-MTurk-287.txt             287              3         0.3191
     4     EN-MTurk-771.txt             771              8         0.2828
     5         EN-RG-65.txt              65              4         0.1243
     6   EN-RW-STANFORD.txt            2034           1280         0.1883
     7    EN-SIMLEX-999.txt             999             14         0.1056
     8  EN-SimVerb-3500.txt            3500            381         0.0899
     9      EN-VERB-143.txt             144              0         0.3442
    10    EN-WS-353-ALL.txt             353              3         0.3041
    11    EN-WS-353-REL.txt             252              1         0.3149
    12    EN-WS-353-SIM.txt             203              2         0.3238
    13        EN-YP-130.txt             130             17         0.2862
