
=================================================================================
Serial              Dataset       Num Pairs       Not found             Rho
=================================================================================
     1         EN-MC-30.txt              30              1         0.2380
     2     EN-MEN-TR-3k.txt            3000             42         0.2133
     3     EN-MTurk-287.txt             287              3         0.4354
     4     EN-MTurk-771.txt             771              8         0.2580
     5         EN-RG-65.txt              65              3         0.2634
     6   EN-RW-STANFORD.txt            2034           1278         0.0745
     7    EN-SIMLEX-999.txt             999             11         0.0943
     8  EN-SimVerb-3500.txt            3500            303         0.0203
     9      EN-VERB-143.txt             144              0         0.3540
    10    EN-WS-353-ALL.txt             353              3         0.2254
    11    EN-WS-353-REL.txt             252              1         0.2319
    12    EN-WS-353-SIM.txt             203              2         0.2941
    13        EN-YP-130.txt             130             14         0.2298
=================================================================================
Serial              Dataset       Num Pairs       Not found             Rho
=================================================================================
     1         EN-MC-30.txt              30              1         0.3134
     2     EN-MEN-TR-3k.txt            3000             42         0.4328
     3     EN-MTurk-287.txt             287              3         0.5529
     4     EN-MTurk-771.txt             771              8         0.4400
     5         EN-RG-65.txt              65              3         0.3024
     6   EN-RW-STANFORD.txt            2034           1278         0.2333
     7    EN-SIMLEX-999.txt             999             11         0.1688
     8  EN-SimVerb-3500.txt            3500            303         0.0981
     9      EN-VERB-143.txt             144              0         0.3681
    10    EN-WS-353-ALL.txt             353              3         0.4626
    11    EN-WS-353-REL.txt             252              1         0.4560
    12    EN-WS-353-SIM.txt             203              2         0.5164
    13        EN-YP-130.txt             130             14         0.2289
=================================================================================
Serial              Dataset       Num Pairs       Not found             Rho
=================================================================================
     1         EN-MC-30.txt              30              1         0.3992
     2     EN-MEN-TR-3k.txt            3000             42         0.4830
     3     EN-MTurk-287.txt             287              3         0.5275
     4     EN-MTurk-771.txt             771              8         0.4787
     5         EN-RG-65.txt              65              3         0.4319
     6   EN-RW-STANFORD.txt            2034           1278         0.2820
     7    EN-SIMLEX-999.txt             999             11         0.2091
     8  EN-SimVerb-3500.txt            3500            303         0.1198
     9      EN-VERB-143.txt             144              0         0.3062
    10    EN-WS-353-ALL.txt             353              3         0.5347
    11    EN-WS-353-REL.txt             252              1         0.5092
    12    EN-WS-353-SIM.txt             203              2         0.5981
    13        EN-YP-130.txt             130             14         0.2660
=================================================================================
Serial              Dataset       Num Pairs       Not found             Rho
=================================================================================
     1         EN-MC-30.txt              30              1         0.4664
     2     EN-MEN-TR-3k.txt            3000             42         0.5155
     3     EN-MTurk-287.txt             287              3         0.5404
     4     EN-MTurk-771.txt             771              8         0.4643
     5         EN-RG-65.txt              65              3         0.4429
     6   EN-RW-STANFORD.txt            2034           1278         0.2976
     7    EN-SIMLEX-999.txt             999             11         0.2166
     8  EN-SimVerb-3500.txt            3500            303         0.1292
     9      EN-VERB-143.txt             144              0         0.2915
    10    EN-WS-353-ALL.txt             353              3         0.5386
    11    EN-WS-353-REL.txt             252              1         0.4933
    12    EN-WS-353-SIM.txt             203              2         0.6189
    13        EN-YP-130.txt             130             14         0.3235
=================================================================================
Serial              Dataset       Num Pairs       Not found             Rho
=================================================================================
     1         EN-MC-30.txt              30              1         0.4103
     2     EN-MEN-TR-3k.txt            3000             42         0.5134
     3     EN-MTurk-287.txt             287              3         0.5164
     4     EN-MTurk-771.txt             771              8         0.4663
     5         EN-RG-65.txt              65              3         0.3829
     6   EN-RW-STANFORD.txt            2034           1278         0.3051
     7    EN-SIMLEX-999.txt             999             11         0.2137
     8  EN-SimVerb-3500.txt            3500            303         0.1329
     9      EN-VERB-143.txt             144              0         0.2732
    10    EN-WS-353-ALL.txt             353              3         0.5209
    11    EN-WS-353-REL.txt             252              1         0.4537
    12    EN-WS-353-SIM.txt             203              2         0.6056
    13        EN-YP-130.txt             130             14         0.3188
=================================================================================
Serial              Dataset       Num Pairs       Not found             Rho
=================================================================================
     1         EN-MC-30.txt              30              1         0.4516
     2     EN-MEN-TR-3k.txt            3000             42         0.5071
     3     EN-MTurk-287.txt             287              3         0.4975
     4     EN-MTurk-771.txt             771              8         0.4691
     5         EN-RG-65.txt              65              3         0.3434
     6   EN-RW-STANFORD.txt            2034           1278         0.3161
     7    EN-SIMLEX-999.txt             999             11         0.2356
     8  EN-SimVerb-3500.txt            3500            303         0.1434
     9      EN-VERB-143.txt             144              0         0.2534
    10    EN-WS-353-ALL.txt             353              3         0.5413
    11    EN-WS-353-REL.txt             252              1         0.4755
    12    EN-WS-353-SIM.txt             203              2         0.5943
    13        EN-YP-130.txt             130             14         0.3521
=================================================================================
Serial              Dataset       Num Pairs       Not found             Rho
=================================================================================
     1         EN-MC-30.txt              30              1         0.4462
     2     EN-MEN-TR-3k.txt            3000             42         0.5003
     3     EN-MTurk-287.txt             287              3         0.4848
     4     EN-MTurk-771.txt             771              8         0.4571
     5         EN-RG-65.txt              65              3         0.4179
     6   EN-RW-STANFORD.txt            2034           1278         0.3113
     7    EN-SIMLEX-999.txt             999             11         0.2372
     8  EN-SimVerb-3500.txt            3500            303         0.1356
     9      EN-VERB-143.txt             144              0         0.2350
    10    EN-WS-353-ALL.txt             353              3         0.5334
    11    EN-WS-353-REL.txt             252              1         0.4556
    12    EN-WS-353-SIM.txt             203              2         0.6211
    13        EN-YP-130.txt             130             14         0.2635
=================================================================================
Serial              Dataset       Num Pairs       Not found             Rho
=================================================================================
     1         EN-MC-30.txt              30              1         0.4526
     2     EN-MEN-TR-3k.txt            3000             42         0.4886
     3     EN-MTurk-287.txt             287              3         0.4941
     4     EN-MTurk-771.txt             771              8         0.4531
     5         EN-RG-65.txt              65              3         0.4290
     6   EN-RW-STANFORD.txt            2034           1278         0.3053
     7    EN-SIMLEX-999.txt             999             11         0.2222
     8  EN-SimVerb-3500.txt            3500            303         0.1265
     9      EN-VERB-143.txt             144              0         0.3153
    10    EN-WS-353-ALL.txt             353              3         0.5454
    11    EN-WS-353-REL.txt             252              1         0.4590
    12    EN-WS-353-SIM.txt             203              2         0.6351
    13        EN-YP-130.txt             130             14         0.2777
=================================================================================
Serial              Dataset       Num Pairs       Not found             Rho
=================================================================================
     1         EN-MC-30.txt              30              1         0.5640
     2     EN-MEN-TR-3k.txt            3000             42         0.4829
     3     EN-MTurk-287.txt             287              3         0.4836
     4     EN-MTurk-771.txt             771              8         0.4135
     5         EN-RG-65.txt              65              3         0.4083
     6   EN-RW-STANFORD.txt            2034           1278         0.2878
     7    EN-SIMLEX-999.txt             999             11         0.2284
     8  EN-SimVerb-3500.txt            3500            303         0.1236
     9      EN-VERB-143.txt             144              0         0.2506
    10    EN-WS-353-ALL.txt             353              3         0.4970
    11    EN-WS-353-REL.txt             252              1         0.4132
    12    EN-WS-353-SIM.txt             203              2         0.5947
    13        EN-YP-130.txt             130             14         0.2733
=================================================================================
Serial              Dataset       Num Pairs       Not found             Rho
=================================================================================
     1         EN-MC-30.txt              30              1         0.5657
     2     EN-MEN-TR-3k.txt            3000             42         0.4669
     3     EN-MTurk-287.txt             287              3         0.4931
     4     EN-MTurk-771.txt             771              8         0.4188
     5         EN-RG-65.txt              65              3         0.4643
     6   EN-RW-STANFORD.txt            2034           1278         0.2877
     7    EN-SIMLEX-999.txt             999             11         0.2118
     8  EN-SimVerb-3500.txt            3500            303         0.1215
     9      EN-VERB-143.txt             144              0         0.2861
    10    EN-WS-353-ALL.txt             353              3         0.5046
    11    EN-WS-353-REL.txt             252              1         0.4173
    12    EN-WS-353-SIM.txt             203              2         0.6037
    13        EN-YP-130.txt             130             14         0.2600
=================================================================================
Serial              Dataset       Num Pairs       Not found             Rho
=================================================================================
     1         EN-MC-30.txt              30              1         0.5337
     2     EN-MEN-TR-3k.txt            3000             42         0.4627
     3     EN-MTurk-287.txt             287              3         0.4685
     4     EN-MTurk-771.txt             771              8         0.4226
     5         EN-RG-65.txt              65              3         0.3983
     6   EN-RW-STANFORD.txt            2034           1278         0.2697
     7    EN-SIMLEX-999.txt             999             11         0.2122
     8  EN-SimVerb-3500.txt            3500            303         0.1141
     9      EN-VERB-143.txt             144              0         0.2971
    10    EN-WS-353-ALL.txt             353              3         0.4688
    11    EN-WS-353-REL.txt             252              1         0.3808
    12    EN-WS-353-SIM.txt             203              2         0.5423
    13        EN-YP-130.txt             130             14         0.2431
=================================================================================
Serial              Dataset       Num Pairs       Not found             Rho
=================================================================================
     1         EN-MC-30.txt              30              1         0.5342
     2     EN-MEN-TR-3k.txt            3000             42         0.4636
     3     EN-MTurk-287.txt             287              3         0.4661
     4     EN-MTurk-771.txt             771              8         0.4219
     5         EN-RG-65.txt              65              3         0.4402
     6   EN-RW-STANFORD.txt            2034           1278         0.2680
     7    EN-SIMLEX-999.txt             999             11         0.2063
     8  EN-SimVerb-3500.txt            3500            303         0.1185
     9      EN-VERB-143.txt             144              0         0.3008
    10    EN-WS-353-ALL.txt             353              3         0.4954
    11    EN-WS-353-REL.txt             252              1         0.3905
    12    EN-WS-353-SIM.txt             203              2         0.6142
    13        EN-YP-130.txt             130             14         0.2272
=================================================================================
Serial              Dataset       Num Pairs       Not found             Rho
=================================================================================
     1         EN-MC-30.txt              30              1         0.5194
     2     EN-MEN-TR-3k.txt            3000             42         0.4668
     3     EN-MTurk-287.txt             287              3         0.4775
     4     EN-MTurk-771.txt             771              8         0.3994
     5         EN-RG-65.txt              65              3         0.4130
     6   EN-RW-STANFORD.txt            2034           1278         0.2690
     7    EN-SIMLEX-999.txt             999             11         0.2016
     8  EN-SimVerb-3500.txt            3500            303         0.1170
     9      EN-VERB-143.txt             144              0         0.2767
    10    EN-WS-353-ALL.txt             353              3         0.5047
    11    EN-WS-353-REL.txt             252              1         0.4256
    12    EN-WS-353-SIM.txt             203              2         0.6137
    13        EN-YP-130.txt             130             14         0.2267
=================================================================================
Serial              Dataset       Num Pairs       Not found             Rho
=================================================================================
     1         EN-MC-30.txt              30              1         0.5086
     2     EN-MEN-TR-3k.txt            3000             42         0.4607
     3     EN-MTurk-287.txt             287              3         0.4818
     4     EN-MTurk-771.txt             771              8         0.3955
     5         EN-RG-65.txt              65              3         0.4007
     6   EN-RW-STANFORD.txt            2034           1278         0.2704
     7    EN-SIMLEX-999.txt             999             11         0.2045
     8  EN-SimVerb-3500.txt            3500            303         0.1179
     9      EN-VERB-143.txt             144              0         0.2716
    10    EN-WS-353-ALL.txt             353              3         0.4959
    11    EN-WS-353-REL.txt             252              1         0.4116
    12    EN-WS-353-SIM.txt             203              2         0.5878
    13        EN-YP-130.txt             130             14         0.2209
=================================================================================
Serial              Dataset       Num Pairs       Not found             Rho
=================================================================================
     1         EN-MC-30.txt              30              1         0.5716
     2     EN-MEN-TR-3k.txt            3000             42         0.4469
     3     EN-MTurk-287.txt             287              3         0.4738
     4     EN-MTurk-771.txt             771              8         0.3928
     5         EN-RG-65.txt              65              3         0.4408
     6   EN-RW-STANFORD.txt            2034           1278         0.2660
     7    EN-SIMLEX-999.txt             999             11         0.1972
     8  EN-SimVerb-3500.txt            3500            303         0.1113
     9      EN-VERB-143.txt             144              0         0.2893
    10    EN-WS-353-ALL.txt             353              3         0.4889
    11    EN-WS-353-REL.txt             252              1         0.4218
    12    EN-WS-353-SIM.txt             203              2         0.5860
    13        EN-YP-130.txt             130             14         0.2700
=================================================================================
Serial              Dataset       Num Pairs       Not found             Rho
=================================================================================
     1         EN-MC-30.txt              30              1         0.6093
     2     EN-MEN-TR-3k.txt            3000             42         0.4352
     3     EN-MTurk-287.txt             287              3         0.4573
     4     EN-MTurk-771.txt             771              8         0.3986
     5         EN-RG-65.txt              65              3         0.4279
     6   EN-RW-STANFORD.txt            2034           1278         0.2590
     7    EN-SIMLEX-999.txt             999             11         0.1962
     8  EN-SimVerb-3500.txt            3500            303         0.1033
     9      EN-VERB-143.txt             144              0         0.2974
    10    EN-WS-353-ALL.txt             353              3         0.4535
    11    EN-WS-353-REL.txt             252              1         0.3748
    12    EN-WS-353-SIM.txt             203              2         0.5511
    13        EN-YP-130.txt             130             14         0.2313
=================================================================================
Serial              Dataset       Num Pairs       Not found             Rho
=================================================================================
     1         EN-MC-30.txt              30              1         0.6101
     2     EN-MEN-TR-3k.txt            3000             42         0.4464
     3     EN-MTurk-287.txt             287              3         0.4595
     4     EN-MTurk-771.txt             771              8         0.4012
     5         EN-RG-65.txt              65              3         0.4473
     6   EN-RW-STANFORD.txt            2034           1278         0.2709
     7    EN-SIMLEX-999.txt             999             11         0.1979
     8  EN-SimVerb-3500.txt            3500            303         0.1063
     9      EN-VERB-143.txt             144              0         0.2952
    10    EN-WS-353-ALL.txt             353              3         0.4584
    11    EN-WS-353-REL.txt             252              1         0.3761
    12    EN-WS-353-SIM.txt             203              2         0.5655
    13        EN-YP-130.txt             130             14         0.2295
=================================================================================
Serial              Dataset       Num Pairs       Not found             Rho
=================================================================================
     1         EN-MC-30.txt              30              1         0.6426
     2     EN-MEN-TR-3k.txt            3000             42         0.4336
     3     EN-MTurk-287.txt             287              3         0.4629
     4     EN-MTurk-771.txt             771              8         0.3925
     5         EN-RG-65.txt              65              3         0.4351
     6   EN-RW-STANFORD.txt            2034           1278         0.2486
     7    EN-SIMLEX-999.txt             999             11         0.2136
     8  EN-SimVerb-3500.txt            3500            303         0.1009
     9      EN-VERB-143.txt             144              0         0.2844
    10    EN-WS-353-ALL.txt             353              3         0.4511
    11    EN-WS-353-REL.txt             252              1         0.3611
    12    EN-WS-353-SIM.txt             203              2         0.5736
    13        EN-YP-130.txt             130             14         0.2069
=================================================================================
Serial              Dataset       Num Pairs       Not found             Rho
=================================================================================
     1         EN-MC-30.txt              30              1         0.5812
     2     EN-MEN-TR-3k.txt            3000             42         0.4278
     3     EN-MTurk-287.txt             287              3         0.4396
     4     EN-MTurk-771.txt             771              8         0.3811
     5         EN-RG-65.txt              65              3         0.3908
     6   EN-RW-STANFORD.txt            2034           1278         0.2734
     7    EN-SIMLEX-999.txt             999             11         0.2118
     8  EN-SimVerb-3500.txt            3500            303         0.1118
     9      EN-VERB-143.txt             144              0         0.2688
    10    EN-WS-353-ALL.txt             353              3         0.4515
    11    EN-WS-353-REL.txt             252              1         0.3583
    12    EN-WS-353-SIM.txt             203              2         0.5607
    13        EN-YP-130.txt             130             14         0.2705
=================================================================================
Serial              Dataset       Num Pairs       Not found             Rho
=================================================================================
     1         EN-MC-30.txt              30              1         0.6303
     2     EN-MEN-TR-3k.txt            3000             42         0.4305
     3     EN-MTurk-287.txt             287              3         0.4453
     4     EN-MTurk-771.txt             771              8         0.3800
     5         EN-RG-65.txt              65              3         0.3871
     6   EN-RW-STANFORD.txt            2034           1278         0.2731
     7    EN-SIMLEX-999.txt             999             11         0.2085
     8  EN-SimVerb-3500.txt            3500            303         0.1070
     9      EN-VERB-143.txt             144              0         0.2896
    10    EN-WS-353-ALL.txt             353              3         0.4379
    11    EN-WS-353-REL.txt             252              1         0.3454
    12    EN-WS-353-SIM.txt             203              2         0.5631
    13        EN-YP-130.txt             130             14         0.2453
=================================================================================
Serial              Dataset       Num Pairs       Not found             Rho
=================================================================================
     1         EN-MC-30.txt              30              1         0.5867
     2     EN-MEN-TR-3k.txt            3000             42         0.4275
     3     EN-MTurk-287.txt             287              3         0.4606
     4     EN-MTurk-771.txt             771              8         0.3786
     5         EN-RG-65.txt              65              3         0.3493
     6   EN-RW-STANFORD.txt            2034           1278         0.2739
     7    EN-SIMLEX-999.txt             999             11         0.1967
     8  EN-SimVerb-3500.txt            3500            303         0.1089
     9      EN-VERB-143.txt             144              0         0.3178
    10    EN-WS-353-ALL.txt             353              3         0.4165
    11    EN-WS-353-REL.txt             252              1         0.3580
    12    EN-WS-353-SIM.txt             203              2         0.5338
    13        EN-YP-130.txt             130             14         0.2605
=================================================================================
Serial              Dataset       Num Pairs       Not found             Rho
=================================================================================
     1         EN-MC-30.txt              30              1         0.6071
     2     EN-MEN-TR-3k.txt            3000             42         0.4171
     3     EN-MTurk-287.txt             287              3         0.4858
     4     EN-MTurk-771.txt             771              8         0.3744
     5         EN-RG-65.txt              65              3         0.3655
     6   EN-RW-STANFORD.txt            2034           1278         0.2638
     7    EN-SIMLEX-999.txt             999             11         0.1975
     8  EN-SimVerb-3500.txt            3500            303         0.1150
     9      EN-VERB-143.txt             144              0         0.3114
    10    EN-WS-353-ALL.txt             353              3         0.4227
    11    EN-WS-353-REL.txt             252              1         0.3544
    12    EN-WS-353-SIM.txt             203              2         0.5280
    13        EN-YP-130.txt             130             14         0.2554
=================================================================================
Serial              Dataset       Num Pairs       Not found             Rho
=================================================================================
     1         EN-MC-30.txt              30              1         0.6024
     2     EN-MEN-TR-3k.txt            3000             42         0.4230
     3     EN-MTurk-287.txt             287              3         0.4861
     4     EN-MTurk-771.txt             771              8         0.3527
     5         EN-RG-65.txt              65              3         0.3736
     6   EN-RW-STANFORD.txt            2034           1278         0.2730
     7    EN-SIMLEX-999.txt             999             11         0.1999
     8  EN-SimVerb-3500.txt            3500            303         0.1185
     9      EN-VERB-143.txt             144              0         0.3403
    10    EN-WS-353-ALL.txt             353              3         0.4293
    11    EN-WS-353-REL.txt             252              1         0.3601
    12    EN-WS-353-SIM.txt             203              2         0.5322
    13        EN-YP-130.txt             130             14         0.2452
=================================================================================
Serial              Dataset       Num Pairs       Not found             Rho
=================================================================================
     1         EN-MC-30.txt              30              1         0.6084
     2     EN-MEN-TR-3k.txt            3000             42         0.4151
     3     EN-MTurk-287.txt             287              3         0.4759
     4     EN-MTurk-771.txt             771              8         0.3658
     5         EN-RG-65.txt              65              3         0.3483
     6   EN-RW-STANFORD.txt            2034           1278         0.2750
     7    EN-SIMLEX-999.txt             999             11         0.1892
     8  EN-SimVerb-3500.txt            3500            303         0.1037
     9      EN-VERB-143.txt             144              0         0.3385
    10    EN-WS-353-ALL.txt             353              3         0.3961
    11    EN-WS-353-REL.txt             252              1         0.3231
    12    EN-WS-353-SIM.txt             203              2         0.4997
    13        EN-YP-130.txt             130             14         0.2646
=================================================================================
Serial              Dataset       Num Pairs       Not found             Rho
=================================================================================
     1         EN-MC-30.txt              30              1         0.6596
     2     EN-MEN-TR-3k.txt            3000             42         0.4073
     3     EN-MTurk-287.txt             287              3         0.4626
     4     EN-MTurk-771.txt             771              8         0.3514
     5         EN-RG-65.txt              65              3         0.3739
     6   EN-RW-STANFORD.txt            2034           1278         0.2769
     7    EN-SIMLEX-999.txt             999             11         0.1866
     8  EN-SimVerb-3500.txt            3500            303         0.1171
     9      EN-VERB-143.txt             144              0         0.3183
    10    EN-WS-353-ALL.txt             353              3         0.4149
    11    EN-WS-353-REL.txt             252              1         0.3553
    12    EN-WS-353-SIM.txt             203              2         0.5313
    13        EN-YP-130.txt             130             14         0.2812
=================================================================================
Serial              Dataset       Num Pairs       Not found             Rho
=================================================================================
     1         EN-MC-30.txt              30              1         0.6148
     2     EN-MEN-TR-3k.txt            3000             42         0.3986
     3     EN-MTurk-287.txt             287              3         0.4472
     4     EN-MTurk-771.txt             771              8         0.3569
     5         EN-RG-65.txt              65              3         0.3576
     6   EN-RW-STANFORD.txt            2034           1278         0.2716
     7    EN-SIMLEX-999.txt             999             11         0.1865
     8  EN-SimVerb-3500.txt            3500            303         0.1119
     9      EN-VERB-143.txt             144              0         0.3178
    10    EN-WS-353-ALL.txt             353              3         0.4234
    11    EN-WS-353-REL.txt             252              1         0.3511
    12    EN-WS-353-SIM.txt             203              2         0.5217
    13        EN-YP-130.txt             130             14         0.2813
=================================================================================
Serial              Dataset       Num Pairs       Not found             Rho
=================================================================================
     1         EN-MC-30.txt              30              1         0.6362
     2     EN-MEN-TR-3k.txt            3000             42         0.3839
     3     EN-MTurk-287.txt             287              3         0.4637
     4     EN-MTurk-771.txt             771              8         0.3477
     5         EN-RG-65.txt              65              3         0.3794
     6   EN-RW-STANFORD.txt            2034           1278         0.2663
     7    EN-SIMLEX-999.txt             999             11         0.1732
     8  EN-SimVerb-3500.txt            3500            303         0.1057
     9      EN-VERB-143.txt             144              0         0.3020
    10    EN-WS-353-ALL.txt             353              3         0.4409
    11    EN-WS-353-REL.txt             252              1         0.3809
    12    EN-WS-353-SIM.txt             203              2         0.5438
    13        EN-YP-130.txt             130             14         0.2632
=================================================================================
Serial              Dataset       Num Pairs       Not found             Rho
=================================================================================
     1         EN-MC-30.txt              30              1         0.6552
     2     EN-MEN-TR-3k.txt            3000             42         0.3910
     3     EN-MTurk-287.txt             287              3         0.4415
     4     EN-MTurk-771.txt             771              8         0.3574
     5         EN-RG-65.txt              65              3         0.3750
     6   EN-RW-STANFORD.txt            2034           1278         0.2688
     7    EN-SIMLEX-999.txt             999             11         0.1751
     8  EN-SimVerb-3500.txt            3500            303         0.1111
     9      EN-VERB-143.txt             144              0         0.3112
    10    EN-WS-353-ALL.txt             353              3         0.4167
    11    EN-WS-353-REL.txt             252              1         0.3319
    12    EN-WS-353-SIM.txt             203              2         0.5542
    13        EN-YP-130.txt             130             14         0.2487
=================================================================================
Serial              Dataset       Num Pairs       Not found             Rho
=================================================================================
     1         EN-MC-30.txt              30              1         0.6431
     2     EN-MEN-TR-3k.txt            3000             42         0.3841
     3     EN-MTurk-287.txt             287              3         0.4587
     4     EN-MTurk-771.txt             771              8         0.3538
     5         EN-RG-65.txt              65              3         0.3869
     6   EN-RW-STANFORD.txt            2034           1278         0.2569
     7    EN-SIMLEX-999.txt             999             11         0.1630
     8  EN-SimVerb-3500.txt            3500            303         0.1037
     9      EN-VERB-143.txt             144              0         0.3112
    10    EN-WS-353-ALL.txt             353              3         0.3874
    11    EN-WS-353-REL.txt             252              1         0.3139
    12    EN-WS-353-SIM.txt             203              2         0.5092
    13        EN-YP-130.txt             130             14         0.2410
=================================================================================
Serial              Dataset       Num Pairs       Not found             Rho
=================================================================================
     1         EN-MC-30.txt              30              1         0.6310
     2     EN-MEN-TR-3k.txt            3000             42         0.3822
     3     EN-MTurk-287.txt             287              3         0.4539
     4     EN-MTurk-771.txt             771              8         0.3534
     5         EN-RG-65.txt              65              3         0.3617
     6   EN-RW-STANFORD.txt            2034           1278         0.2489
     7    EN-SIMLEX-999.txt             999             11         0.1735
     8  EN-SimVerb-3500.txt            3500            303         0.1039
     9      EN-VERB-143.txt             144              0         0.3170
    10    EN-WS-353-ALL.txt             353              3         0.3848
    11    EN-WS-353-REL.txt             252              1         0.3089
    12    EN-WS-353-SIM.txt             203              2         0.5025
    13        EN-YP-130.txt             130             14         0.2212
