=================================================================================
Serial              Dataset       Num Pairs       Not found             Rho
=================================================================================
     1         EN-MC-30.txt              30              1         0.3179
     2     EN-MEN-TR-3k.txt            3000             86         0.1559
     3     EN-MTurk-287.txt             287              3         0.3582
     4     EN-MTurk-771.txt             771              8         0.1865
     5         EN-RG-65.txt              65              4         0.0775
     6   EN-RW-STANFORD.txt            2034           1280        -0.0072
     7    EN-SIMLEX-999.txt             999             14         0.0624
     8  EN-SimVerb-3500.txt            3500            381         0.0039
     9      EN-VERB-143.txt             144              0         0.2831
    10    EN-WS-353-ALL.txt             353              3         0.1859
    11    EN-WS-353-REL.txt             252              1         0.2132
    12    EN-WS-353-SIM.txt             203              2         0.2187
    13        EN-YP-130.txt             130             17        -0.0166
=================================================================================
Serial              Dataset       Num Pairs       Not found             Rho
=================================================================================
     1         EN-MC-30.txt              30              1         0.2494
     2     EN-MEN-TR-3k.txt            3000             86         0.3733
     3     EN-MTurk-287.txt             287              3         0.5072
     4     EN-MTurk-771.txt             771              8         0.4151
     5         EN-RG-65.txt              65              4         0.1688
     6   EN-RW-STANFORD.txt            2034           1280         0.1729
     7    EN-SIMLEX-999.txt             999             14         0.1773
     8  EN-SimVerb-3500.txt            3500            381         0.0541
     9      EN-VERB-143.txt             144              0         0.3052
    10    EN-WS-353-ALL.txt             353              3         0.4234
    11    EN-WS-353-REL.txt             252              1         0.4549
    12    EN-WS-353-SIM.txt             203              2         0.4292
    13        EN-YP-130.txt             130             17        -0.0133
=================================================================================
Serial              Dataset       Num Pairs       Not found             Rho
=================================================================================
     1         EN-MC-30.txt              30              1         0.2624
     2     EN-MEN-TR-3k.txt            3000             86         0.4299
     3     EN-MTurk-287.txt             287              3         0.5194
     4     EN-MTurk-771.txt             771              8         0.4448
     5         EN-RG-65.txt              65              4         0.2956
     6   EN-RW-STANFORD.txt            2034           1280         0.2130
     7    EN-SIMLEX-999.txt             999             14         0.2022
     8  EN-SimVerb-3500.txt            3500            381         0.0939
     9      EN-VERB-143.txt             144              0         0.2912
    10    EN-WS-353-ALL.txt             353              3         0.4778
    11    EN-WS-353-REL.txt             252              1         0.4627
    12    EN-WS-353-SIM.txt             203              2         0.5220
    13        EN-YP-130.txt             130             17         0.0392
=================================================================================
Serial              Dataset       Num Pairs       Not found             Rho
=================================================================================
     1         EN-MC-30.txt              30              1         0.4041
     2     EN-MEN-TR-3k.txt            3000             86         0.4470
     3     EN-MTurk-287.txt             287              3         0.5098
     4     EN-MTurk-771.txt             771              8         0.4416
     5         EN-RG-65.txt              65              4         0.3277
     6   EN-RW-STANFORD.txt            2034           1280         0.2398
     7    EN-SIMLEX-999.txt             999             14         0.2219
     8  EN-SimVerb-3500.txt            3500            381         0.1101
     9      EN-VERB-143.txt             144              0         0.2299
    10    EN-WS-353-ALL.txt             353              3         0.4533
    11    EN-WS-353-REL.txt             252              1         0.4035
    12    EN-WS-353-SIM.txt             203              2         0.5149
    13        EN-YP-130.txt             130             17         0.0526
=================================================================================
Serial              Dataset       Num Pairs       Not found             Rho
=================================================================================
     1         EN-MC-30.txt              30              1         0.2952
     2     EN-MEN-TR-3k.txt            3000             86         0.4479
     3     EN-MTurk-287.txt             287              3         0.4976
     4     EN-MTurk-771.txt             771              8         0.4131
     5         EN-RG-65.txt              65              4         0.3018
     6   EN-RW-STANFORD.txt            2034           1280         0.2523
     7    EN-SIMLEX-999.txt             999             14         0.2367
     8  EN-SimVerb-3500.txt            3500            381         0.1165
     9      EN-VERB-143.txt             144              0         0.2997
    10    EN-WS-353-ALL.txt             353              3         0.4672
    11    EN-WS-353-REL.txt             252              1         0.4276
    12    EN-WS-353-SIM.txt             203              2         0.5283
    13        EN-YP-130.txt             130             17         0.1413
=================================================================================
Serial              Dataset       Num Pairs       Not found             Rho
=================================================================================
     1         EN-MC-30.txt              30              1         0.4334
     2     EN-MEN-TR-3k.txt            3000             86         0.4543
     3     EN-MTurk-287.txt             287              3         0.4947
     4     EN-MTurk-771.txt             771              8         0.4133
     5         EN-RG-65.txt              65              4         0.3692
     6   EN-RW-STANFORD.txt            2034           1280         0.2666
     7    EN-SIMLEX-999.txt             999             14         0.2379
     8  EN-SimVerb-3500.txt            3500            381         0.1129
     9      EN-VERB-143.txt             144              0         0.3223
    10    EN-WS-353-ALL.txt             353              3         0.4861
    11    EN-WS-353-REL.txt             252              1         0.4597
    12    EN-WS-353-SIM.txt             203              2         0.5340
    13        EN-YP-130.txt             130             17         0.1589
=================================================================================
Serial              Dataset       Num Pairs       Not found             Rho
=================================================================================
     1         EN-MC-30.txt              30              1         0.4499
     2     EN-MEN-TR-3k.txt            3000             86         0.4599
     3     EN-MTurk-287.txt             287              3         0.4783
     4     EN-MTurk-771.txt             771              8         0.4099
     5         EN-RG-65.txt              65              4         0.3347
     6   EN-RW-STANFORD.txt            2034           1280         0.2879
     7    EN-SIMLEX-999.txt             999             14         0.2323
     8  EN-SimVerb-3500.txt            3500            381         0.1141
     9      EN-VERB-143.txt             144              0         0.3185
    10    EN-WS-353-ALL.txt             353              3         0.4610
    11    EN-WS-353-REL.txt             252              1         0.4416
    12    EN-WS-353-SIM.txt             203              2         0.5035
    13        EN-YP-130.txt             130             17         0.1907
=================================================================================
Serial              Dataset       Num Pairs       Not found             Rho
=================================================================================
     1         EN-MC-30.txt              30              1         0.4410
     2     EN-MEN-TR-3k.txt            3000             86         0.4521
     3     EN-MTurk-287.txt             287              3         0.5205
     4     EN-MTurk-771.txt             771              8         0.3798
     5         EN-RG-65.txt              65              4         0.3777
     6   EN-RW-STANFORD.txt            2034           1280         0.2862
     7    EN-SIMLEX-999.txt             999             14         0.2128
     8  EN-SimVerb-3500.txt            3500            381         0.1186
     9      EN-VERB-143.txt             144              0         0.3393
    10    EN-WS-353-ALL.txt             353              3         0.4817
    11    EN-WS-353-REL.txt             252              1         0.4495
    12    EN-WS-353-SIM.txt             203              2         0.5335
    13        EN-YP-130.txt             130             17         0.2398
=================================================================================
Serial              Dataset       Num Pairs       Not found             Rho
=================================================================================
     1         EN-MC-30.txt              30              1         0.5278
     2     EN-MEN-TR-3k.txt            3000             86         0.4354
     3     EN-MTurk-287.txt             287              3         0.4968
     4     EN-MTurk-771.txt             771              8         0.3827
     5         EN-RG-65.txt              65              4         0.4229
     6   EN-RW-STANFORD.txt            2034           1280         0.2780
     7    EN-SIMLEX-999.txt             999             14         0.2151
     8  EN-SimVerb-3500.txt            3500            381         0.1211
     9      EN-VERB-143.txt             144              0         0.3312
    10    EN-WS-353-ALL.txt             353              3         0.4623
    11    EN-WS-353-REL.txt             252              1         0.4295
    12    EN-WS-353-SIM.txt             203              2         0.5243
    13        EN-YP-130.txt             130             17         0.2465
=================================================================================
Serial              Dataset       Num Pairs       Not found             Rho
=================================================================================
     1         EN-MC-30.txt              30              1         0.4654
     2     EN-MEN-TR-3k.txt            3000             86         0.4378
     3     EN-MTurk-287.txt             287              3         0.4761
     4     EN-MTurk-771.txt             771              8         0.3814
     5         EN-RG-65.txt              65              4         0.3845
     6   EN-RW-STANFORD.txt            2034           1280         0.2842
     7    EN-SIMLEX-999.txt             999             14         0.1947
     8  EN-SimVerb-3500.txt            3500            381         0.1169
     9      EN-VERB-143.txt             144              0         0.3388
    10    EN-WS-353-ALL.txt             353              3         0.4279
    11    EN-WS-353-REL.txt             252              1         0.3999
    12    EN-WS-353-SIM.txt             203              2         0.4665
    13        EN-YP-130.txt             130             17         0.2815
=================================================================================
Serial              Dataset       Num Pairs       Not found             Rho
=================================================================================
     1         EN-MC-30.txt              30              1         0.4337
     2     EN-MEN-TR-3k.txt            3000             86         0.4304
     3     EN-MTurk-287.txt             287              3         0.5237
     4     EN-MTurk-771.txt             771              8         0.3966
     5         EN-RG-65.txt              65              4         0.3764
     6   EN-RW-STANFORD.txt            2034           1280         0.2700
     7    EN-SIMLEX-999.txt             999             14         0.1969
     8  EN-SimVerb-3500.txt            3500            381         0.1118
     9      EN-VERB-143.txt             144              0         0.3391
    10    EN-WS-353-ALL.txt             353              3         0.4386
    11    EN-WS-353-REL.txt             252              1         0.4051
    12    EN-WS-353-SIM.txt             203              2         0.5207
    13        EN-YP-130.txt             130             17         0.3300
=================================================================================
Serial              Dataset       Num Pairs       Not found             Rho
=================================================================================
     1         EN-MC-30.txt              30              1         0.3915
     2     EN-MEN-TR-3k.txt            3000             86         0.4181
     3     EN-MTurk-287.txt             287              3         0.4986
     4     EN-MTurk-771.txt             771              8         0.4194
     5         EN-RG-65.txt              65              4         0.3305
     6   EN-RW-STANFORD.txt            2034           1280         0.2770
     7    EN-SIMLEX-999.txt             999             14         0.2090
     8  EN-SimVerb-3500.txt            3500            381         0.1078
     9      EN-VERB-143.txt             144              0         0.3264
    10    EN-WS-353-ALL.txt             353              3         0.4135
    11    EN-WS-353-REL.txt             252              1         0.3795
    12    EN-WS-353-SIM.txt             203              2         0.4863
    13        EN-YP-130.txt             130             17         0.3429
=================================================================================
Serial              Dataset       Num Pairs       Not found             Rho
=================================================================================
     1         EN-MC-30.txt              30              1         0.3908
     2     EN-MEN-TR-3k.txt            3000             86         0.4280
     3     EN-MTurk-287.txt             287              3         0.5132
     4     EN-MTurk-771.txt             771              8         0.3738
     5         EN-RG-65.txt              65              4         0.3772
     6   EN-RW-STANFORD.txt            2034           1280         0.2490
     7    EN-SIMLEX-999.txt             999             14         0.1884
     8  EN-SimVerb-3500.txt            3500            381         0.1143
     9      EN-VERB-143.txt             144              0         0.3581
    10    EN-WS-353-ALL.txt             353              3         0.4185
    11    EN-WS-353-REL.txt             252              1         0.3770
    12    EN-WS-353-SIM.txt             203              2         0.4964
    13        EN-YP-130.txt             130             17         0.3580
=================================================================================
Serial              Dataset       Num Pairs       Not found             Rho
=================================================================================
     1         EN-MC-30.txt              30              1         0.3570
     2     EN-MEN-TR-3k.txt            3000             86         0.4124
     3     EN-MTurk-287.txt             287              3         0.4941
     4     EN-MTurk-771.txt             771              8         0.3682
     5         EN-RG-65.txt              65              4         0.2976
     6   EN-RW-STANFORD.txt            2034           1280         0.2663
     7    EN-SIMLEX-999.txt             999             14         0.1940
     8  EN-SimVerb-3500.txt            3500            381         0.1144
     9      EN-VERB-143.txt             144              0         0.3064
    10    EN-WS-353-ALL.txt             353              3         0.4057
    11    EN-WS-353-REL.txt             252              1         0.3694
    12    EN-WS-353-SIM.txt             203              2         0.4732
    13        EN-YP-130.txt             130             17         0.3232
=================================================================================
Serial              Dataset       Num Pairs       Not found             Rho
=================================================================================
     1         EN-MC-30.txt              30              1         0.3385
     2     EN-MEN-TR-3k.txt            3000             86         0.4109
     3     EN-MTurk-287.txt             287              3         0.4492
     4     EN-MTurk-771.txt             771              8         0.3662
     5         EN-RG-65.txt              65              4         0.2939
     6   EN-RW-STANFORD.txt            2034           1280         0.2729
     7    EN-SIMLEX-999.txt             999             14         0.2000
     8  EN-SimVerb-3500.txt            3500            381         0.0945
     9      EN-VERB-143.txt             144              0         0.3000
    10    EN-WS-353-ALL.txt             353              3         0.4157
    11    EN-WS-353-REL.txt             252              1         0.3454
    12    EN-WS-353-SIM.txt             203              2         0.5033
    13        EN-YP-130.txt             130             17         0.3596
=================================================================================
Serial              Dataset       Num Pairs       Not found             Rho
=================================================================================
     1         EN-MC-30.txt              30              1         0.3920
     2     EN-MEN-TR-3k.txt            3000             86         0.3877
     3     EN-MTurk-287.txt             287              3         0.4639
     4     EN-MTurk-771.txt             771              8         0.4057
     5         EN-RG-65.txt              65              4         0.2320
     6   EN-RW-STANFORD.txt            2034           1280         0.2768
     7    EN-SIMLEX-999.txt             999             14         0.1703
     8  EN-SimVerb-3500.txt            3500            381         0.0985
     9      EN-VERB-143.txt             144              0         0.3361
    10    EN-WS-353-ALL.txt             353              3         0.4079
    11    EN-WS-353-REL.txt             252              1         0.3731
    12    EN-WS-353-SIM.txt             203              2         0.4776
    13        EN-YP-130.txt             130             17         0.3197
=================================================================================
Serial              Dataset       Num Pairs       Not found             Rho
=================================================================================
     1         EN-MC-30.txt              30              1         0.2060
     2     EN-MEN-TR-3k.txt            3000             86         0.3856
     3     EN-MTurk-287.txt             287              3         0.4616
     4     EN-MTurk-771.txt             771              8         0.3996
     5         EN-RG-65.txt              65              4         0.1732
     6   EN-RW-STANFORD.txt            2034           1280         0.2583
     7    EN-SIMLEX-999.txt             999             14         0.1781
     8  EN-SimVerb-3500.txt            3500            381         0.0985
     9      EN-VERB-143.txt             144              0         0.3635
    10    EN-WS-353-ALL.txt             353              3         0.3862
    11    EN-WS-353-REL.txt             252              1         0.3200
    12    EN-WS-353-SIM.txt             203              2         0.4413
    13        EN-YP-130.txt             130             17         0.3814
=================================================================================
Serial              Dataset       Num Pairs       Not found             Rho
=================================================================================
     1         EN-MC-30.txt              30              1         0.3085
     2     EN-MEN-TR-3k.txt            3000             86         0.3782
     3     EN-MTurk-287.txt             287              3         0.4589
     4     EN-MTurk-771.txt             771              8         0.3734
     5         EN-RG-65.txt              65              4         0.2360
     6   EN-RW-STANFORD.txt            2034           1280         0.2559
     7    EN-SIMLEX-999.txt             999             14         0.1637
     8  EN-SimVerb-3500.txt            3500            381         0.1078
     9      EN-VERB-143.txt             144              0         0.3103
    10    EN-WS-353-ALL.txt             353              3         0.3728
    11    EN-WS-353-REL.txt             252              1         0.3440
    12    EN-WS-353-SIM.txt             203              2         0.4300
    13        EN-YP-130.txt             130             17         0.3252
=================================================================================
Serial              Dataset       Num Pairs       Not found             Rho
=================================================================================
     1         EN-MC-30.txt              30              1         0.1727
     2     EN-MEN-TR-3k.txt            3000             86         0.3735
     3     EN-MTurk-287.txt             287              3         0.4392
     4     EN-MTurk-771.txt             771              8         0.3498
     5         EN-RG-65.txt              65              4         0.2110
     6   EN-RW-STANFORD.txt            2034           1280         0.2448
     7    EN-SIMLEX-999.txt             999             14         0.1432
     8  EN-SimVerb-3500.txt            3500            381         0.1030
     9      EN-VERB-143.txt             144              0         0.3064
    10    EN-WS-353-ALL.txt             353              3         0.3619
    11    EN-WS-353-REL.txt             252              1         0.3326
    12    EN-WS-353-SIM.txt             203              2         0.4148
    13        EN-YP-130.txt             130             17         0.2863
=================================================================================
Serial              Dataset       Num Pairs       Not found             Rho
=================================================================================
     1         EN-MC-30.txt              30              1         0.2794
     2     EN-MEN-TR-3k.txt            3000             86         0.3669
     3     EN-MTurk-287.txt             287              3         0.4515
     4     EN-MTurk-771.txt             771              8         0.3686
     5         EN-RG-65.txt              65              4         0.2313
     6   EN-RW-STANFORD.txt            2034           1280         0.2557
     7    EN-SIMLEX-999.txt             999             14         0.1539
     8  EN-SimVerb-3500.txt            3500            381         0.0966
     9      EN-VERB-143.txt             144              0         0.3509
    10    EN-WS-353-ALL.txt             353              3         0.3827
    11    EN-WS-353-REL.txt             252              1         0.3540
    12    EN-WS-353-SIM.txt             203              2         0.4345
    13        EN-YP-130.txt             130             17         0.3257
=================================================================================
Serial              Dataset       Num Pairs       Not found             Rho
=================================================================================
     1         EN-MC-30.txt              30              1         0.1974
     2     EN-MEN-TR-3k.txt            3000             86         0.3499
     3     EN-MTurk-287.txt             287              3         0.4489
     4     EN-MTurk-771.txt             771              8         0.3711
     5         EN-RG-65.txt              65              4         0.1933
     6   EN-RW-STANFORD.txt            2034           1280         0.2442
     7    EN-SIMLEX-999.txt             999             14         0.1522
     8  EN-SimVerb-3500.txt            3500            381         0.0921
     9      EN-VERB-143.txt             144              0         0.3457
    10    EN-WS-353-ALL.txt             353              3         0.3697
    11    EN-WS-353-REL.txt             252              1         0.3254
    12    EN-WS-353-SIM.txt             203              2         0.4306
    13        EN-YP-130.txt             130             17         0.3102
=================================================================================
Serial              Dataset       Num Pairs       Not found             Rho
=================================================================================
     1         EN-MC-30.txt              30              1         0.1786
     2     EN-MEN-TR-3k.txt            3000             86         0.3431
     3     EN-MTurk-287.txt             287              3         0.4091
     4     EN-MTurk-771.txt             771              8         0.3576
     5         EN-RG-65.txt              65              4         0.1820
     6   EN-RW-STANFORD.txt            2034           1280         0.2315
     7    EN-SIMLEX-999.txt             999             14         0.1291
     8  EN-SimVerb-3500.txt            3500            381         0.0950
     9      EN-VERB-143.txt             144              0         0.3527
    10    EN-WS-353-ALL.txt             353              3         0.3615
    11    EN-WS-353-REL.txt             252              1         0.3585
    12    EN-WS-353-SIM.txt             203              2         0.3941
    13        EN-YP-130.txt             130             17         0.2713
=================================================================================
Serial              Dataset       Num Pairs       Not found             Rho
=================================================================================
     1         EN-MC-30.txt              30              1         0.2045
     2     EN-MEN-TR-3k.txt            3000             86         0.3366
     3     EN-MTurk-287.txt             287              3         0.4291
     4     EN-MTurk-771.txt             771              8         0.3509
     5         EN-RG-65.txt              65              4         0.1858
     6   EN-RW-STANFORD.txt            2034           1280         0.2256
     7    EN-SIMLEX-999.txt             999             14         0.1247
     8  EN-SimVerb-3500.txt            3500            381         0.0941
     9      EN-VERB-143.txt             144              0         0.3588
    10    EN-WS-353-ALL.txt             353              3         0.3576
    11    EN-WS-353-REL.txt             252              1         0.3551
    12    EN-WS-353-SIM.txt             203              2         0.4166
    13        EN-YP-130.txt             130             17         0.2159
=================================================================================
Serial              Dataset       Num Pairs       Not found             Rho
=================================================================================
     1         EN-MC-30.txt              30              1         0.1328
     2     EN-MEN-TR-3k.txt            3000             86         0.3350
     3     EN-MTurk-287.txt             287              3         0.4506
     4     EN-MTurk-771.txt             771              8         0.3456
     5         EN-RG-65.txt              65              4         0.1072
     6   EN-RW-STANFORD.txt            2034           1280         0.2081
     7    EN-SIMLEX-999.txt             999             14         0.1346
     8  EN-SimVerb-3500.txt            3500            381         0.0933
     9      EN-VERB-143.txt             144              0         0.3173
    10    EN-WS-353-ALL.txt             353              3         0.3492
    11    EN-WS-353-REL.txt             252              1         0.3423
    12    EN-WS-353-SIM.txt             203              2         0.3836
    13        EN-YP-130.txt             130             17         0.2311
=================================================================================
Serial              Dataset       Num Pairs       Not found             Rho
=================================================================================
     1         EN-MC-30.txt              30              1         0.1400
     2     EN-MEN-TR-3k.txt            3000             86         0.3328
     3     EN-MTurk-287.txt             287              3         0.4284
     4     EN-MTurk-771.txt             771              8         0.3322
     5         EN-RG-65.txt              65              4         0.1531
     6   EN-RW-STANFORD.txt            2034           1280         0.2153
     7    EN-SIMLEX-999.txt             999             14         0.1284
     8  EN-SimVerb-3500.txt            3500            381         0.0918
     9      EN-VERB-143.txt             144              0         0.3514
    10    EN-WS-353-ALL.txt             353              3         0.3419
    11    EN-WS-353-REL.txt             252              1         0.3429
    12    EN-WS-353-SIM.txt             203              2         0.3857
    13        EN-YP-130.txt             130             17         0.2866
=================================================================================
Serial              Dataset       Num Pairs       Not found             Rho
=================================================================================
     1         EN-MC-30.txt              30              1         0.1791
     2     EN-MEN-TR-3k.txt            3000             86         0.3176
     3     EN-MTurk-287.txt             287              3         0.4034
     4     EN-MTurk-771.txt             771              8         0.3210
     5         EN-RG-65.txt              65              4         0.1362
     6   EN-RW-STANFORD.txt            2034           1280         0.2062
     7    EN-SIMLEX-999.txt             999             14         0.1249
     8  EN-SimVerb-3500.txt            3500            381         0.0920
     9      EN-VERB-143.txt             144              0         0.3457
    10    EN-WS-353-ALL.txt             353              3         0.3351
    11    EN-WS-353-REL.txt             252              1         0.3396
    12    EN-WS-353-SIM.txt             203              2         0.3505
    13        EN-YP-130.txt             130             17         0.2531
=================================================================================
Serial              Dataset       Num Pairs       Not found             Rho
=================================================================================
     1         EN-MC-30.txt              30              1         0.1604
     2     EN-MEN-TR-3k.txt            3000             86         0.3048
     3     EN-MTurk-287.txt             287              3         0.3947
     4     EN-MTurk-771.txt             771              8         0.3071
     5         EN-RG-65.txt              65              4         0.0778
     6   EN-RW-STANFORD.txt            2034           1280         0.2006
     7    EN-SIMLEX-999.txt             999             14         0.1142
     8  EN-SimVerb-3500.txt            3500            381         0.0853
     9      EN-VERB-143.txt             144              0         0.2923
    10    EN-WS-353-ALL.txt             353              3         0.3424
    11    EN-WS-353-REL.txt             252              1         0.3281
    12    EN-WS-353-SIM.txt             203              2         0.3881
    13        EN-YP-130.txt             130             17         0.2480
=================================================================================
Serial              Dataset       Num Pairs       Not found             Rho
=================================================================================
     1         EN-MC-30.txt              30              1         0.1599
     2     EN-MEN-TR-3k.txt            3000             86         0.2964
     3     EN-MTurk-287.txt             287              3         0.3537
     4     EN-MTurk-771.txt             771              8         0.3063
     5         EN-RG-65.txt              65              4         0.0922
     6   EN-RW-STANFORD.txt            2034           1280         0.1652
     7    EN-SIMLEX-999.txt             999             14         0.1133
     8  EN-SimVerb-3500.txt            3500            381         0.0839
     9      EN-VERB-143.txt             144              0         0.3327
    10    EN-WS-353-ALL.txt             353              3         0.3113
    11    EN-WS-353-REL.txt             252              1         0.3152
    12    EN-WS-353-SIM.txt             203              2         0.3357
    13        EN-YP-130.txt             130             17         0.3432
=================================================================================
Serial              Dataset       Num Pairs       Not found             Rho
=================================================================================
     1         EN-MC-30.txt              30              1         0.1092
     2     EN-MEN-TR-3k.txt            3000             86         0.2963
     3     EN-MTurk-287.txt             287              3         0.3439
     4     EN-MTurk-771.txt             771              8         0.2848
     5         EN-RG-65.txt              65              4         0.0804
     6   EN-RW-STANFORD.txt            2034           1280         0.1707
     7    EN-SIMLEX-999.txt             999             14         0.1017
     8  EN-SimVerb-3500.txt            3500            381         0.0841
     9      EN-VERB-143.txt             144              0         0.3450
    10    EN-WS-353-ALL.txt             353              3         0.2968
    11    EN-WS-353-REL.txt             252              1         0.2935
    12    EN-WS-353-SIM.txt             203              2         0.3413
    13        EN-YP-130.txt             130             17         0.3037
=================================================================================
Serial              Dataset       Num Pairs       Not found             Rho
=================================================================================
     1         EN-MC-30.txt              30              1         0.1311
     2     EN-MEN-TR-3k.txt            3000             86         0.2775
     3     EN-MTurk-287.txt             287              3         0.3213
     4     EN-MTurk-771.txt             771              8         0.2866
     5         EN-RG-65.txt              65              4         0.0736
     6   EN-RW-STANFORD.txt            2034           1280         0.1833
     7    EN-SIMLEX-999.txt             999             14         0.1047
     8  EN-SimVerb-3500.txt            3500            381         0.0834
     9      EN-VERB-143.txt             144              0         0.3128
    10    EN-WS-353-ALL.txt             353              3         0.2989
    11    EN-WS-353-REL.txt             252              1         0.3062
    12    EN-WS-353-SIM.txt             203              2         0.3261
    13        EN-YP-130.txt             130             17         0.2766
